Accuracy: 0.73
Precision: 0.6842105263157895
Recall: 0.883495145631068
F1 Score: 0.7711864406779663